04 07 28 29 33 39
05 19 36 46 50 56
13 18 23 31 32 38
04 27 49 51 58 59
03 22 35 39 47 59
05 09 20 24 26 54
02 07 17 22 23 31
15 23 34 48 55 56
05 06 12 16 27 48
02 19 24 31 54 58
07 14 36 37 38 50
01 06 18 23 30 56
29 32 33 41 42 56
10 21 30 41 55 58
23 32 34 36 46 47
10 34 37 38 44 47
01 03 32 35 37 38
06 12 13 26 31 58
07 37 39 46 49 54
08 14 28 47 49 54
16 21 39 46 52 56
22 37 42 52 53 54
05 07 25 38 51 54
05 16 22 23 55 59
04 15 18 25 40 49
15 30 31 34 38 53
11 22 33 37 45 46
02 11 31 47 50 58
15 31 42 45 50 59
03 16 27 28 41 56
21 25 28 29 44 54
11 13 23 54 55 60
24 25 34 41 46 57
12 14 15 21 23 52
03 13 16 33 47 50
05 06 15 23 26 43
18 25 26 40 44 48
04 08 23 24 29 46
05 16 21 44 53 56
03 16 18 21 44 52
10 24 27 29 38 60
16 39 44 45 46 49
05 16 22 29 39 43
02 09 18 31 46 48
06 12 26 34 42 60
06 11 30 49 56 60
17 24 31 42 44 59
02 14 17 18 21 56
15 16 18 29 30 42
03 15 20 23 54 59
01 14 24 26 46 50
13 19 23 27 46 51
02 11 25 35 50 57
06 20 31 34 37 42
30 35 41 43 58 59
01 05 24 31 44 47
09 15 23 26 36 40
07 22 25 40 43 56
14 17 40 43 51 58
27 31 51 53 54 60
02 07 07 37 54 60
10 21 23 30 38 60
04 10 27 39 43 46
02 11 35 42 51 53
19 23 32 53 54 57
02 05 20 23 35 44
04 05 07 20 45 59
14 17 20 22 34 52
03 05 16 22 32 35
11 28 35 38 50 53
02 21 34 40 56 59
03 16 26 29 36 60
07 21 35 39 43 59
10 28 34 36 42 54
04 05 14 32 48 57
02 07 28 39 43 51
07 19 49 51 56 57
11 26 35 44 55 58
05 14 18 27 57 59
02 28 30 32 46 53
26 35 39 44 57 58
06 08 24 29 45 54
07 09 19 39 50 53
05 11 36 38 46 60
10 22 29 31 42 50
04 06 11 14 30 32
10 15 33 47 54 56
11 22 29 43 55 57
14 35 45 47 57 60
24 27 28 42 44 46
02 20 31 35 39 60
35 39 40 44 50 55
03 08 36 37 41 60
02 21 25 31 50 60
06 14 20 21 23 37
15 16 31 50 51 55
01 09 17 19 28 34
12 23 50 53 56 58
11 17 21 27 32 48
08 12 16 27 42 46
14 18 31 40 50 54
06 27 28 41 48 58
03 04 10 19 21 49
02 37 40 42 46 51
03 07 22 32 46 51
04 09 12 14 22 42
03 31 34 45 53 60
06 15 16 19 45 58
01 07 31 37 38 45
17 21 22 38 48 59
04 05 15 17 31 60
03 04 13 27 47 52
02 04 06 13 43 50
04 25 32 33 34 60
11 25 26 32 40 48
02 03 17 20 21 40
07 08 11 24 37 39
27 37 45 48 49 50
06 09 10 12 38 54
02 07 09 19 41 45
11 21 37 42 44 59
01 05 14 15 28 31
13 14 20 31 38 58
12 13 22 31 33 34
12 15 19 48 50 60
09 10 39 40 47 51
15 26 29 35 37 42
02 07 08 21 22 52
09 14 31 36 41 52
05 13 14 24 49 53
16 17 29 30 55 57
15 20 27 31 34 46
04 05 32 35 46 55
03 06 38 45 51 59
05 13 21 41 44 60
03 05 18 20 31 52
07 14 32 46 47 54
04 19 48 51 56 58
04 10 13 18 22 36
09 12 19 49 56 57
21 34 35 39 47 54
14 23 30 39 43 49
10 13 18 20 29 49
10 12 16 31 44 59
02 09 14 22 39 60
02 07 19 28 30 47
09 10 21 35 46 49
17 18 22 29 44 49
02 13 15 17 18 30
18 26 40 48 50 60
17 23 32 40 49 56
17 31 34 38 47 52
01 02 16 17 31 42
13 19 38 41 45 47
17 25 30 44 56 59
08 18 21 24 32 34
04 24 29 35 39 55
10 21 24 25 26 37
02 06 15 18 54 59
03 11 14 37 45 47
13 21 36 43 47 54
09 22 23 31 50 57
15 25 26 27 41 42
04 22 32 35 46 54
14 15 19 42 55 59
18 23 24 25 45 49
05 11 12 30 43 55
07 10 32 43 51 56
18 26 32 33 40 59
02 07 23 30 31 55
03 08 10 41 44 45
01 17 22 44 53 60
08 43 45 53 57 58
03 14 27 42 52 60
07 13 25 43 47 55
11 22 25 27 35 42
19 29 40 50 55 57
13 15 19 48 51 53
01 03 07 19 26 30
09 24 27 44 54 58
